image_width: 240
image_height: 180
camera_name: DAVIS-240C
camera_matrix:
  rows: 3
  cols: 3
  data:
    [
      2.5151110341158915e+02,
      0.0,
      1.2512498658042972e+02,
      0.0,
      2.5128463894077052e+02,
      1.0003441811585438e+02,
      0.0,
      0.0,
      1.0,
    ]
distortion_model: plumb_bob
distortion_coefficients:
  rows: 1
  cols: 5
  data:
    [
      -4.2530568200675867e-01,
      5.1245974447580478e-01,
      -1.3338884596066233e-02,
      -6.7142017302340888e-03,
      -7.2845109195226510e-01,
    ]
rectification_matrix:
  rows: 3
  cols: 3
  data: [1, 0, 0, 0, 1, 0, 0, 0, 1]
projection_matrix:
  rows: 3
  cols: 4
  data:
    [
      2.5151110341158915e+02,
      0.0,
      1.2512498658042972e+02,
      0.0,
      0.0,
      2.5128463894077052e+02,
      1.0003441811585438e+02,
      0.0,
      0.0,
      0.0,
      1.0,
      0.0,
    ]
