image_width: 346
image_height: 260
camera_name: UPENN
camera_matrix:
  rows: 3
  cols: 3
  data:
    [
      226.38018519795807,
      0.0,
      173.6470807871759,
      0.0,
      226.15002947047415,
      133.73271487507847,
      0.0,
      0.0,
      1.0,
    ]
distortion_model: plumb_bob
distortion_coefficients:
  rows: 1
  cols: 5
  data:
    [
      -0.048031442223833355,
      0.011330957517194437,
      -0.055378166304281135,
      0.021500973881459395,
      0.0,
    ]
rectification_matrix:
  rows: 3
  cols: 3
  data: [1, 0, 0, 0, 1, 0, 0, 0, 1]
projection_matrix:
  rows: 3
  cols: 4
  data:
    [
      226.38018519795807,
      0.0,
      173.6470807871759,
      0.0,
      0.0,
      226.15002947047415,
      133.73271487507847,
      0.0,
      0.0,
      0.0,
      1.0,
      0.0,
    ]
